18
35
78
96
108
153
251
266
273
333
350
459
466
492
622
748
1086
1104
1288
1295
1479
1610
1616
1716
1780
1837
1982
2076
2132
2134
2324
2344
2426
2440
2495
2497
2549
2797
2818
2837
3017
3040
3112
3389
3409
3410
3519
3629
3738
3817
3839
3881
4083
4114
4171
4187
4272
4281
4317
4357
4472
4533
4573
4590
4623
4768
4795
5005
5006
5053
5109
5341
5408
5437
5447
5463
5628
5725
5861
6029
6055
6077
6083
6137
6240
6290
6415
6441
6460
6558
6610
6828
7139
7142
7144
7249
7257
7314
7413
7550
7634
7785
7807
7907
7939
